Year,Glob,NHem,SHem,24N-90N,24S-24N,90S-24S,64N-90N,44N-64N,24N-44N,EQU-24N,24S-EQU,44S-24S,64S-44S,90S-64S
1880,-.18,-.30,-.05,-.39,-.13,-.01,-.79,-.49,-.32,-.15,-.11,-.04,.05,.69
1881,-.09,-.19,.00,-.36,.10,-.07,-.85,-.44,-.24,.09,.10,-.06,-.07,.61
1882,-.11,-.22,-.01,-.31,-.05,.01,-1.34,-.26,-.17,-.06,-.05,.01,.04,.64
1883,-.17,-.29,-.07,-.34,-.17,-.01,-.12,-.54,-.28,-.18,-.15,-.04,.07,.52
1884,-.28,-.43,-.15,-.60,-.15,-.14,-1.26,-.63,-.48,-.14,-.17,-.19,-.02,.67
1885,-.34,-.44,-.24,-.66,-.14,-.27,-1.46,-.68,-.48,-.08,-.20,-.34,-.15,.84
1886,-.32,-.44,-.20,-.57,-.21,-.21,-1.54,-.50,-.42,-.23,-.18,-.20,-.20,.61
1887,-.37,-.45,-.29,-.53,-.31,-.28,-1.72,-.50,-.32,-.31,-.30,-.28,-.26,.34
1888,-.18,-.25,-.12,-.42,.08,-.29,-1.26,-.43,-.26,.04,.12,-.31,-.22,.17
1889,-.11,-.18,-.04,-.29,.07,-.16,-.64,-.23,-.28,.00,.14,-.16,-.15,.46
1890,-.36,-.39,-.32,-.46,-.38,-.22,-1.09,-.56,-.28,-.29,-.47,-.18,-.27,.17
1891,-.22,-.26,-.19,-.41,-.09,-.21,-1.06,-.32,-.36,-.01,-.17,-.18,-.23,-.14
1892,-.27,-.40,-.15,-.42,-.31,-.08,-1.07,-.64,-.17,-.35,-.26,.02,-.21,.11
1893,-.31,-.47,-.16,-.50,-.38,-.05,-.62,-.53,-.47,-.44,-.32,.07,-.20,-.02
1894,-.31,-.39,-.22,-.32,-.36,-.24,-.93,-.32,-.18,-.51,-.20,-.15,-.35,-.36
1895,-.23,-.31,-.15,-.40,-.09,-.25,-.67,-.52,-.27,-.16,-.01,-.19,-.31,-.57
1896,-.12,-.21,-.03,-.35,.08,-.15,-.87,-.37,-.23,.02,.14,-.15,-.13,.27
1897,-.11,-.17,-.05,-.36,.15,-.23,-.55,-.46,-.25,.11,.20,-.19,-.27,.42
1898,-.28,-.30,-.26,-.36,-.23,-.26,-1.15,-.24,-.24,-.20,-.26,-.27,-.21,.39
1899,-.18,-.21,-.14,-.23,-.13,-.18,-1.00,-.08,-.15,-.17,-.08,-.15,-.22,.60
1900,-.09,-.10,-.06,-.20,.16,-.30,-.52,-.16,-.16,.07,.26,-.28,-.29,.29
1901,-.16,-.13,-.18,-.15,-.05,-.30,-.33,-.10,-.15,-.08,-.01,-.27,-.33,.28
1902,-.28,-.34,-.22,-.53,-.05,-.34,-1.49,-.50,-.32,-.04,-.05,-.28,-.43,-.03
1903,-.37,-.38,-.36,-.46,-.30,-.38,-.19,-.42,-.56,-.26,-.33,-.35,-.40,-.49
1904,-.47,-.49,-.46,-.51,-.48,-.44,-.18,-.60,-.55,-.46,-.50,-.37,-.49,-1.31
1905,-.26,-.29,-.23,-.40,-.09,-.35,-.01,-.23,-.62,-.12,-.06,-.32,-.37,-.33
1906,-.22,-.23,-.21,-.25,-.20,-.23,-.25,-.07,-.39,-.21,-.19,-.20,-.22,-.71
1907,-.39,-.47,-.30,-.58,-.32,-.29,-.55,-.72,-.52,-.31,-.32,-.21,-.36,-1.19
1908,-.43,-.46,-.41,-.48,-.45,-.36,-.22,-.54,-.52,-.43,-.47,-.29,-.48,.68
1909,-.49,-.50,-.48,-.53,-.49,-.44,-.72,-.62,-.44,-.45,-.54,-.37,-.52,-.56
1910,-.44,-.46,-.43,-.42,-.51,-.38,-.61,-.24,-.50,-.51,-.51,-.33,-.45,.16
1911,-.45,-.43,-.46,-.42,-.44,-.48,-.28,-.42,-.47,-.44,-.45,-.44,-.52,.06
1912,-.37,-.48,-.26,-.60,-.21,-.36,-.51,-.79,-.51,-.29,-.11,-.36,-.29,-1.63
1913,-.35,-.42,-.26,-.44,-.28,-.35,-.48,-.33,-.51,-.40,-.15,-.28,-.40,-1.03
1914,-.15,-.19,-.11,-.24,-.07,-.17,-.34,-.16,-.28,-.12,-.02,-.15,-.18,-.36
1915,-.14,-.14,-.13,-.23,-.01,-.21,-.59,-.17,-.19,-.01,-.02,-.15,-.23,-1.98
1916,-.36,-.43,-.30,-.38,-.45,-.23,-.50,-.54,-.25,-.50,-.40,-.23,-.17,-1.04
1917,-.46,-.58,-.36,-.50,-.64,-.18,-.80,-.50,-.44,-.69,-.58,-.23,-.09,.07
1918,-.30,-.41,-.20,-.41,-.34,-.13,-1.00,-.27,-.36,-.40,-.29,-.06,-.22,-.28
1919,-.28,-.36,-.20,-.44,-.20,-.22,-.69,-.56,-.31,-.24,-.17,-.15,-.32,.20
1920,-.28,-.31,-.24,-.26,-.26,-.32,-.01,-.21,-.36,-.38,-.13,-.19,-.48,-1.14
1921,-.19,-.11,-.26,.01,-.25,-.30,.00,.17,-.10,-.29,-.21,-.23,-.38,-.83
1922,-.28,-.28,-.29,-.24,-.32,-.27,-.27,-.41,-.14,-.33,-.31,-.24,-.28,-.27
1923,-.27,-.22,-.31,-.15,-.30,-.33,.21,-.15,-.26,-.33,-.27,-.26,-.41,-.54
1924,-.27,-.18,-.35,-.13,-.25,-.43,.54,-.25,-.24,-.27,-.24,-.39,-.45,-.53
1925,-.22,-.14,-.29,-.04,-.24,-.37,-.04,.17,-.19,-.28,-.19,-.24,-.54,-.86
1926,-.11,.01,-.21,.02,.01,-.40,.57,.16,-.23,.00,.03,-.35,-.45,-.63
1927,-.22,-.14,-.29,-.13,-.16,-.38,.03,-.22,-.13,-.15,-.17,-.30,-.45,-1.38
1928,-.20,-.11,-.29,-.08,-.15,-.39,.66,-.17,-.23,-.15,-.15,-.28,-.48,-2.12
1929,-.36,-.34,-.38,-.38,-.28,-.45,.13,-.61,-.39,-.27,-.28,-.42,-.44,-1.07
1930,-.16,-.02,-.29,.04,-.11,-.42,.51,.04,-.11,-.09,-.12,-.33,-.46,-2.59
1931,-.09,.05,-.21,.01,.08,-.42,.56,-.04,-.14,.10,.06,-.42,-.40,-.41
1932,-.16,-.06,-.25,.03,-.16,-.34,.46,.20,-.22,-.19,-.14,-.21,-.53,-.98
1933,-.29,-.26,-.32,-.24,-.28,-.34,-.15,-.46,-.13,-.28,-.28,-.22,-.48,-1.14
1934,-.13,-.01,-.25,.17,-.26,-.26,.89,.31,-.14,-.27,-.24,-.15,-.38,-.56
1935,-.20,-.10,-.30,-.05,-.18,-.37,.33,-.05,-.17,-.17,-.20,-.30,-.41,-1.71
1936,-.15,-.04,-.26,-.03,-.13,-.30,.41,.11,-.27,-.06,-.21,-.26,-.33,-.03
1937,-.03,.11,-.17,.19,-.06,-.22,1.23,.03,-.04,.00,-.11,-.19,-.25,.37
1938,.00,.15,-.18,.39,-.23,-.09,1.52,.39,.02,-.19,-.27,-.06,-.11,-.86
1939,-.02,.08,-.13,.22,-.13,-.12,.55,.28,.08,-.13,-.13,-.04,-.18,-1.60
1940,.12,.16,.09,.10,.27,-.07,.98,-.02,-.10,.25,.29,.03,-.20,-.05
1941,.18,.22,.16,.01,.48,-.05,.01,-.10,.08,.53,.43,.03,-.15,-.46
1942,.06,.12,.01,.12,.07,-.01,.72,-.07,.05,.10,.04,.05,-.05,-.90
1943,.09,.17,-.01,.37,-.09,.04,1.42,.28,.10,-.11,-.07,.07,.00,1.14
1944,.20,.27,.14,.38,.18,.05,1.18,.47,.09,.10,.26,.19,-.09,-.98
1945,.09,.11,.09,.11,.17,-.03,.65,-.02,.04,.10,.24,.04,.00,-1.81
1946,-.07,.02,-.17,.06,-.05,-.24,-.04,-.05,.16,-.03,-.08,-.22,-.24,-.21
1947,-.03,.08,-.13,.15,-.06,-.16,1.07,-.13,.04,-.03,-.09,-.19,-.08,-.24
1948,-.11,-.02,-.20,.12,-.18,-.24,.12,.31,.00,-.23,-.14,-.19,-.19,-1.42
1949,-.11,-.03,-.19,.11,-.19,-.23,.20,.17,.04,-.23,-.15,-.17,-.15,-2.02
1950,-.18,-.15,-.21,-.05,-.29,-.14,.18,-.31,.03,-.30,-.28,-.06,-.16,-.86
1951,-.07,.04,-.18,.08,-.06,-.23,.07,.01,.12,-.01,-.12,-.22,-.16,-.70
1952,.01,.06,-.03,.11,.02,-.09,.27,-.09,.19,-.02,.05,-.10,-.02,-.54
1953,.08,.24,-.07,.36,.07,-.18,1.03,.36,.14,.08,.06,-.08,-.24,-1.15
1954,-.13,-.02,-.25,.06,-.21,-.22,.80,-.21,.00,-.14,-.29,-.17,-.20,-.82
1955,-.14,-.09,-.20,.05,-.34,-.06,-.23,-.11,.23,-.30,-.38,-.16,-.08,1.20
1956,-.19,-.23,-.16,-.20,-.33,.01,.01,-.48,-.09,-.29,-.37,-.14,.02,.77
1957,.05,.04,.06,.03,.08,.02,.09,.22,-.11,.05,.10,-.09,-.02,.49
1958,.06,.15,-.03,.08,.21,-.15,-.18,.14,.12,.26,.15,-.08,-.08,-.55
1959,.03,.13,-.06,.16,.07,-.16,.49,.18,.05,.07,.08,-.03,-.26,-.39
1960,-.02,.08,-.13,.09,.02,-.20,.34,-.07,.11,.06,-.02,-.10,-.07,-.77
1961,.06,.08,.03,.19,-.03,.05,-.16,.38,.18,-.07,.00,.14,-.17,.21
1962,.03,.13,-.06,.24,-.05,-.07,.44,.31,.14,-.04,-.05,.09,-.07,-.65
1963,.05,.14,-.03,.14,.12,-.12,-.16,.31,.13,.14,.10,-.10,-.17,-.03
1964,-.20,-.19,-.20,-.23,-.14,-.24,-.66,-.20,-.12,-.13,-.14,-.30,-.07,-.37
1965,-.11,-.14,-.07,-.19,-.03,-.13,-.28,-.24,-.12,-.08,.02,-.23,-.03,.00
1966,-.06,-.02,-.09,-.14,.08,-.15,-.76,-.19,.09,.16,-.01,-.23,-.14,.13
1967,-.02,.03,-.07,.12,-.14,-.01,.36,.26,-.05,-.11,-.17,-.09,-.02,.31
1968,-.08,-.07,-.09,-.11,-.06,-.08,-.33,-.02,-.09,-.02,-.11,-.14,.00,-.07
1969,.05,-.03,.14,-.29,.33,.02,-.04,-.61,-.17,.35,.32,.00,.13,-.16
1970,.03,-.04,.09,-.11,.07,.12,-.20,-.13,-.06,.07,.07,.11,.03,.35
1971,-.08,-.15,-.01,-.06,-.26,.13,-.08,.01,-.10,-.30,-.22,.03,.16,.49
1972,.01,-.18,.20,-.34,.17,.15,-.37,-.47,-.24,.06,.27,.16,-.02,.48
1973,.16,.09,.23,.10,.19,.18,.06,.27,.02,.08,.30,.21,.08,.35
1974,-.07,-.18,.03,-.14,-.20,.18,-.19,-.07,-.18,-.23,-.17,.21,-.08,.66
1975,-.01,-.05,.02,.12,-.24,.16,.10,.39,-.05,-.31,-.17,.13,.14,.31
1976,-.10,-.21,.01,-.26,-.12,.09,-.08,-.32,-.28,-.13,-.11,.10,.22,-.22
1977,.18,.12,.24,.13,.16,.25,.16,.24,.06,.10,.22,.21,.31,.28
1978,.07,.02,.11,-.03,.07,.16,-.16,.04,-.04,.10,.05,.20,.13,.03
1979,.16,.08,.25,-.03,.26,.23,-.61,.07,.09,.26,.27,.29,.33,-.21
1980,.26,.17,.34,.06,.31,.38,.26,.02,.02,.33,.28,.35,.37,.56
1981,.32,.37,.27,.48,.18,.36,1.09,.79,.08,.22,.14,.28,.39,.62
1982,.14,.05,.22,-.08,.27,.18,-.40,.10,-.08,.25,.29,.18,.32,-.10
1983,.31,.25,.38,.22,.43,.25,.19,.69,-.07,.29,.57,.21,.41,.10
1984,.16,.04,.27,.01,.18,.26,.36,.08,-.14,.07,.29,.16,.32,.54
1985,.12,.00,.24,-.03,.09,.31,.39,-.26,-.02,.04,.13,.30,.44,.07
1986,.18,.13,.23,.10,.22,.20,.01,.28,.03,.18,.27,.25,.25,-.09
1987,.32,.25,.40,.04,.58,.25,-.36,.13,.12,.55,.61,.32,.25,.01
1988,.39,.37,.41,.40,.37,.40,.59,.57,.24,.32,.42,.38,.20,.94
1989,.27,.27,.27,.40,.12,.34,.32,.69,.25,.07,.18,.36,.30,.37
1990,.45,.53,.37,.63,.37,.37,.58,.88,.49,.38,.36,.37,.37,.37
1991,.40,.41,.40,.47,.36,.40,.75,.66,.26,.32,.40,.31,.29,.98
1992,.22,.14,.31,.09,.28,.27,-.17,.44,-.03,.20,.36,.20,.33,.42
1993,.23,.19,.28,.13,.32,.22,.54,.29,-.11,.29,.35,.27,.39,-.28
1994,.31,.37,.26,.43,.31,.21,.34,.50,.42,.28,.34,.26,.23,-.02
1995,.44,.58,.31,.70,.42,.22,1.31,.99,.32,.40,.44,.29,.15,.16
1996,.33,.26,.40,.23,.31,.45,.76,.17,.10,.31,.32,.32,.28,1.31
1997,.46,.52,.41,.53,.51,.34,.76,.90,.23,.50,.52,.42,.36,.03
1998,.61,.71,.51,.78,.69,.32,.86,.94,.66,.60,.78,.39,.31,.15
1999,.38,.48,.28,.70,.20,.30,.40,.80,.74,.16,.24,.46,.19,.02
2000,.39,.50,.28,.70,.24,.29,.97,.80,.55,.21,.27,.41,.10,.28
2001,.53,.64,.42,.80,.42,.42,1.07,.86,.68,.40,.43,.58,.24,.24
2002,.63,.72,.54,.83,.59,.48,1.25,1.00,.58,.55,.63,.49,.32,.79
2003,.61,.75,.48,.84,.63,.36,1.50,.98,.54,.61,.65,.44,.24,.36
2004,.53,.66,.40,.73,.54,.32,.47,.95,.66,.56,.52,.48,.23,-.05
2005,.68,.86,.50,1.01,.61,.42,1.99,1.23,.57,.62,.60,.49,.18,.69
2006,.64,.82,.46,.99,.55,.40,1.76,1.06,.70,.57,.53,.51,.19,.46
2007,.66,.85,.47,1.12,.46,.48,2.09,1.32,.69,.45,.46,.50,.07,1.28
2008,.54,.68,.40,.91,.37,.40,1.54,1.07,.61,.34,.40,.52,.09,.63
2009,.66,.73,.59,.78,.67,.51,1.43,.60,.68,.65,.69,.60,.15,.99
2010,.72,.91,.54,1.03,.68,.48,2.25,.87,.74,.72,.63,.63,.20,.53
2011,.61,.74,.47,.98,.36,.56,2.33,.94,.58,.39,.33,.64,.19,1.10
2012,.64,.81,.48,1.03,.52,.43,2.13,.93,.74,.48,.55,.56,.20,.45
2013,.68,.80,.55,.95,.57,.54,1.54,1.04,.69,.59,.56,.62,.24,.86
2014,.75,.92,.57,1.08,.66,.53,2.06,1.14,.73,.70,.63,.72,.20,.56
2015,.90,1.18,.62,1.32,.95,.40,2.03,1.48,.99,.98,.92,.74,.20,-.35
2016,1.01,1.31,.72,1.54,1.00,.49,3.26,1.43,1.07,.96,1.04,.67,.28,.36
2017,.92,1.17,.66,1.38,.80,.60,2.52,1.38,1.03,.86,.74,.76,.38,.52
2018,.85,1.04,.65,1.25,.67,.69,2.17,1.09,1.05,.74,.61,.79,.41,.92
2019,.98,1.22,.74,1.43,.89,.64,2.78,1.43,.99,.91,.87,.74,.41,.81
2020,1.01,1.35,.67,1.66,.85,.57,2.87,1.81,1.19,.88,.81,.59,.40,.86
2021,.85,1.15,.55,1.43,.65,.53,2.09,1.36,1.26,.73,.57,.72,.34,.30
2022,.89,1.16,.62,1.52,.56,.71,2.36,1.50,1.27,.64,.49,.78,.41,1.09
2023,1.17,1.50,.85,1.78,1.06,.71,2.58,1.86,1.46,1.09,1.03,.90,.46,.60
2024,1.29,1.66,.91,1.96,1.19,.74,2.92,1.96,1.65,1.23,1.15,.88,.55,.72
2025,1.19,1.49,.89,1.92,.84,.93,3.01,1.99,1.52,.86,.83,.96,.56,1.59
